
A: 
 [[ 2.  22.  28.5]
 [22.  16.  28. ]
 [28.5 28.  11. ]]

b: 
 [2 1 6]

Epsilon:  1e-18

L:
 [[  1.41421356   0.           0.        ]
 [ 15.55634919  15.03329638   0.        ]
 [ 20.15254326 -18.9911775   27.49163187]]
Lt : 
 [[  1.41421356  15.55634919  20.15254326]
 [  0.          15.03329638 -18.9911775 ]
 [  0.           0.          27.49163187]]
--------------------

 Ex2: 

Det A:  341616.99999999994
--------------------

 Ex3: 

[1.41421356 0.06651901 0.21824823]
--------------------

 Ex4: 

54.31723290375958 < 10 ** (-8) False

--------------------
Ex5:

Matrice: 
 [[ 2.  22.  28.5]
 [22.  16.  28. ]
 [28.5 28.  11. ]]

L:
 [[ 1.          0.          0.        ]
 [ 0.07017544  1.          0.        ]
 [ 0.77192982 -0.28021016  1.        ]] 


U:
 [[28.5        28.         11.        ]
 [ 0.         20.03508772 27.72807018]
 [ 0.          0.         27.27845884]] 


x:
 [ 0.0192604   0.24061055 -0.11691063]
--------------------

Ex6:

LLt:
 [[-0.00213998  0.03295418  0.02433339]
 [ 0.03295418  0.01493391 -0.0138405 ]
 [ 0.02433339 -0.0138405   0.00897629]] 


LLt_numpy:
 [[-0.00213998  0.03295418  0.02433339]
 [ 0.03295418  0.01493391 -0.0138405 ]
 [ 0.02433339 -0.0138405   0.00897629]] 


LLt-LLt_numpy:
 54.73000563222902 

